# SOURCE: ROYAL NETHERLANDS METEOROLOGICAL INSTITUTE (KNMI)
# Comment: these time series are possibly inhomogeneous because of station relocations and changes in observation techniques. As a result, these series are not suitable for trend analysis. For climate change studies we refer to the homogenized series of stations De Kooy, Eelde, De Bilt, Vlissingen, Beek or the Central Netherlands Temperature <http://www.knmi.nl/kennis-en-datacentrum/achtergrond/centraal-nederland-temperatuur-cnt>.
# 
# 
# STN      LON(east)   LAT(north)     ALT(m)  NAME
# 280:         6.585       53.124       0.52  Eelde
# 
# YYYYMMDD = Date (YYYY=year MM=month DD=day); 
# FHX      = Maximum hourly mean windspeed (in 0.1 m/s); 
# FHN      = Minimum hourly mean windspeed (in 0.1 m/s); 
# 
# STN,YYYYMMDD,  FHX,  FHN
# 
  280,20170101,   70,   30
  280,20170102,   50,   20
  280,20170103,   90,   30
  280,20170104,  100,   30
  280,20170105,   50,    0
  280,20170106,   50,   10
  280,20170107,   70,   20
  280,20170108,   30,   10
  280,20170109,   70,   10
  280,20170110,   70,   20
  280,20170111,  120,   50
  280,20170112,   90,   20
  280,20170113,  120,   20
  280,20170114,  110,   20
  280,20170115,   40,   10
  280,20170116,   30,    0
  280,20170117,   20,   10
  280,20170118,   20,   10
  280,20170119,   10,    0
  280,20170120,   10,    0
  280,20170121,   40,   10
  280,20170122,   20,   10
  280,20170123,   40,   10
  280,20170124,   30,   10
  280,20170125,   40,   10
  280,20170126,   40,   20
  280,20170127,   40,   20
  280,20170128,   40,   20
  280,20170129,   70,   30
  280,20170130,   50,   30
  280,20170131,   40,   10
  280,20170201,   60,   30
  280,20170202,   50,   20
  280,20170203,   40,   20
  280,20170204,   40,   20
  280,20170205,   30,   10
  280,20170206,   50,   20
  280,20170207,   70,   50
  280,20170208,   80,   60
  280,20170209,   60,   50
  280,20170210,   60,   40
  280,20170211,   70,   30
  280,20170212,   80,   50
  280,20170213,   70,   40
  280,20170214,   60,   10
  280,20170215,   30,   10
  280,20170216,   70,   40
  280,20170217,   60,   20
  280,20170218,   50,   10
  280,20170219,   60,   40
  280,20170220,   80,   50
  280,20170221,  100,   30
  280,20170222,  120,   60
  280,20170223,  160,   20
  280,20170224,  100,   20
  280,20170225,  100,   30
  280,20170226,   90,   70
  280,20170227,   90,   50
  280,20170228,  100,   50
  280,20170301,   80,   20
  280,20170302,   70,   30
  280,20170303,   50,   20
  280,20170304,   50,   10
  280,20170305,   80,   20
  280,20170306,   30,   10
  280,20170307,   30,   10
  280,20170308,   80,   20
  280,20170309,   90,   30
  280,20170310,   50,   10
  280,20170311,   40,   20
  280,20170312,   60,   30
  280,20170313,   60,   10
  280,20170314,   70,   30
  280,20170315,   50,   20
  280,20170316,   80,   20
  280,20170317,   90,   40
  280,20170318,  100,   10
  280,20170319,   90,   20
  280,20170320,  140,   40
  280,20170321,   90,   30
  280,20170322,   50,   20
  280,20170323,   70,   20
  280,20170324,   60,   10
  280,20170325,   50,    0
  280,20170326,   50,   10
  280,20170327,   40,   20
  280,20170328,   60,   10
  280,20170329,   70,   20
  280,20170330,   70,   20
  280,20170331,   70,   20
  280,20170401,   40,   10
  280,20170402,   60,   10
  280,20170403,   20,   10
  280,20170404,   30,   10
  280,20170405,   80,   20
  280,20170406,   60,   30
  280,20170407,   60,   30
  280,20170408,   30,    0
  280,20170409,   40,    0
  280,20170410,   70,   30
  280,20170411,   60,   30
  280,20170412,   70,   30
  280,20170413,   70,   30
  280,20170414,   70,   30
  280,20170415,   90,   40
  280,20170416,   70,   20
  280,20170417,   80,   10
  280,20170418,   70,   10
  280,20170419,   40,    0
  280,20170420,   50,    0
  280,20170421,   80,   30
  280,20170422,   90,   20
  280,20170423,   80,   20
  280,20170424,   90,   20
  280,20170425,   70,   20
  280,20170426,   60,   10
  280,20170427,   70,   10
  280,20170428,   60,   20
  280,20170429,   50,   20
  280,20170430,   80,   20
  280,20170501,   60,   10
  280,20170502,   70,   10
  280,20170503,   60,   40
  280,20170504,   80,   50
  280,20170505,   60,   20
  280,20170506,   60,   30
  280,20170507,   60,   20
  280,20170508,   80,   20
  280,20170509,   50,   20
  280,20170510,   30,   10
  280,20170511,   60,   20
  280,20170512,   50,   10
  280,20170513,   60,   10
  280,20170514,   50,   20
  280,20170515,   50,   10
  280,20170516,   60,   20
  280,20170517,   60,    0
  280,20170518,   60,   30
  280,20170519,   90,   20
  280,20170520,   50,   10
  280,20170521,   40,   10
  280,20170522,   40,   20
  280,20170523,   80,   20
  280,20170524,   60,    0
  280,20170525,   40,   10
  280,20170526,   50,    0
  280,20170527,   60,   10
  280,20170528,   60,    0
  280,20170529,   50,   10
  280,20170530,   80,   20
  280,20170531,   60,    0
  280,20170601,   50,   10
  280,20170602,   40,   10
  280,20170603,   50,   10
  280,20170604,   60,   20
  280,20170605,   70,   20
  280,20170606,  120,   40
  280,20170607,  110,   50
  280,20170608,   70,   10
  280,20170609,   70,   10
  280,20170610,   60,   20
  280,20170611,   70,   20
  280,20170612,   80,   40
  280,20170613,   60,   10
  280,20170614,   50,    0
  280,20170615,   90,   20
  280,20170616,   80,   20
  280,20170617,   50,   10
  280,20170618,   50,   10
  280,20170619,   50,   10
  280,20170620,   60,   10
  280,20170621,   40,    0
  280,20170622,   80,   20
  280,20170623,   80,   20
  280,20170624,   70,   30
  280,20170625,   60,   10
  280,20170626,   60,    0
  280,20170627,   50,    0
  280,20170628,   60,   10
  280,20170629,   40,   10
  280,20170630,   50,   10
  280,20170701,   70,   20
  280,20170702,   60,   20
  280,20170703,   90,   20
  280,20170704,   40,   10
  280,20170705,   40,   20
  280,20170706,   40,   10
  280,20170707,   50,   10
  280,20170708,   50,    0
  280,20170709,   30,    0
  280,20170710,   40,   10
  280,20170711,   60,    0
  280,20170712,   90,   20
  280,20170713,   40,   10
  280,20170714,   60,   10
  280,20170715,   40,   20
  280,20170716,   60,   30
  280,20170717,   40,    0
  280,20170718,   50,    0
  280,20170719,   60,   20
  280,20170720,   70,   10
  280,20170721,   40,   10
  280,20170722,   50,   10
  280,20170723,   50,   10
  280,20170724,   40,   10
  280,20170725,   60,   20
  280,20170726,   40,   20
  280,20170727,   60,   10
  280,20170728,   90,   30
  280,20170729,   70,   20
  280,20170730,   90,   10
  280,20170731,   60,    0
  280,20170801,   40,   10
  280,20170802,   60,   10
  280,20170803,  110,   30
  280,20170804,   90,   30
  280,20170805,   70,   20
  280,20170806,   60,    0
  280,20170807,   70,    0
  280,20170808,   70,   20
  280,20170809,   70,    0
  280,20170810,   50,    0
  280,20170811,   30,   10
  280,20170812,   60,   30
  280,20170813,   40,   10
  280,20170814,   50,   20
  280,20170815,   50,   10
  280,20170816,   30,   10
  280,20170817,   60,   10
  280,20170818,   70,   20
  280,20170819,   80,   30
  280,20170820,   80,   30
  280,20170821,   40,    0
  280,20170822,   40,    0
  280,20170823,   40,   20
  280,20170824,   60,   20
  280,20170825,   30,   20
  280,20170826,   40,   10
  280,20170827,   30,   10
  280,20170828,   40,    0
  280,20170829,   60,   10
  280,20170830,   60,   10
  280,20170831,   60,   10
  280,20170901,   40,    0
  280,20170902,   30,    0
  280,20170903,   20,    0
  280,20170904,   30,   10
  280,20170905,   60,   10
  280,20170906,   80,   20
  280,20170907,   50,   10
  280,20170908,   80,   30
  280,20170909,   40,   10
  280,20170910,   90,   20
  280,20170911,  100,   70
  280,20170912,   80,   20
  280,20170913,  150,   50
  280,20170914,   90,   30
  280,20170915,   70,   30
  280,20170916,   60,   10
  280,20170917,   30,   10
  280,20170918,   30,    0
  280,20170919,   40,   10
  280,20170920,   50,   20
  280,20170921,   50,   10
  280,20170922,   40,   10
  280,20170923,   30,    0
  280,20170924,   40,    0
  280,20170925,   30,   10
  280,20170926,   50,   20
  280,20170927,   40,   20
  280,20170928,   30,   10
  280,20170929,   40,   10
  280,20170930,   40,   10
  280,20171001,   70,   20
  280,20171002,   90,   40
  280,20171003,   70,   30
  280,20171004,   90,   40
  280,20171005,  150,   40
  280,20171006,   90,   30
  280,20171007,   80,   40
  280,20171008,   50,   10
  280,20171009,   50,   10
  280,20171010,   70,   30
  280,20171011,   90,   60
  280,20171012,   90,   20
  280,20171013,   80,   30
  280,20171014,   70,   10
  280,20171015,   60,   10
  280,20171016,   60,   20
  280,20171017,   80,   20
  280,20171018,   40,   10
  280,20171019,   30,   10
  280,20171020,   80,   30
  280,20171021,   60,   20
  280,20171022,   70,   50
  280,20171023,   90,   10
  280,20171024,   80,   20
  280,20171025,   90,   30
  280,20171026,   60,   30
  280,20171027,   70,   30
  280,20171028,  100,   50
